 P(0,mb), T(0,K)Hr(0,%), freq(Hz), grad(K/km), theta(deg), TbUp(k), TbDown(K), tau(neper)
 $
 1013.00 273.15 70.00  0.1870E+11  6.50  0.00  6.75  9.39 0.2675E-01
 1013.00 273.15 70.00  0.1870E+11  6.50  1.00  6.75  9.39 0.2675E-01
 1013.00 273.15 70.00  0.1870E+11  6.50  2.00  6.76  9.39 0.2677E-01
 1013.00 273.15 70.00  0.1870E+11  6.50  3.00  6.76  9.39 0.2679E-01
 1013.00 273.15 70.00  0.1870E+11  6.50  4.00  6.77  9.40 0.2681E-01
 1013.00 273.15 70.00  0.1870E+11  6.50  5.00  6.78  9.41 0.2685E-01
 1013.00 273.15 70.00  0.1870E+11  6.50  6.00  6.79  9.42 0.2690E-01
 1013.00 273.15 70.00  0.1870E+11  6.50  7.00  6.80  9.44 0.2695E-01
 1013.00 273.15 70.00  0.1870E+11  6.50  8.00  6.82  9.45 0.2701E-01
 1013.00 273.15 70.00  0.1870E+11  6.50  9.00  6.84  9.47 0.2708E-01
 1013.00 273.15 70.00  0.1870E+11  6.50 10.00  6.86  9.49 0.2716E-01
 1013.00 273.15 70.00  0.1870E+11  6.50 11.00  6.88  9.51 0.2725E-01
 1013.00 273.15 70.00  0.1870E+11  6.50 12.00  6.90  9.53 0.2735E-01
 1013.00 273.15 70.00  0.1870E+11  6.50 13.00  6.93  9.56 0.2745E-01
 1013.00 273.15 70.00  0.1870E+11  6.50 14.00  6.96  9.59 0.2757E-01
 1013.00 273.15 70.00  0.1870E+11  6.50 15.00  6.99  9.62 0.2769E-01
 1013.00 273.15 70.00  0.1870E+11  6.50 16.00  7.02  9.65 0.2783E-01
 1013.00 273.15 70.00  0.1870E+11  6.50 17.00  7.06  9.69 0.2797E-01
 1013.00 273.15 70.00  0.1870E+11  6.50 18.00  7.10  9.72 0.2812E-01
 1013.00 273.15 70.00  0.1870E+11  6.50 19.00  7.14  9.77 0.2829E-01
 1013.00 273.15 70.00  0.1870E+11  6.50 20.00  7.18  9.81 0.2846E-01
 1013.00 273.15 70.00  0.1870E+11  6.50 21.00  7.23  9.85 0.2865E-01
 1013.00 273.15 70.00  0.1870E+11  6.50 22.00  7.28  9.90 0.2885E-01
 1013.00 273.15 70.00  0.1870E+11  6.50 23.00  7.33  9.95 0.2906E-01
 1013.00 273.15 70.00  0.1870E+11  6.50 24.00  7.38 10.01 0.2928E-01
 1013.00 273.15 70.00  0.1870E+11  6.50 25.00  7.44 10.07 0.2951E-01
 1013.00 273.15 70.00  0.1870E+11  6.50 26.00  7.50 10.13 0.2976E-01
 1013.00 273.15 70.00  0.1870E+11  6.50 27.00  7.57 10.19 0.3002E-01
 1013.00 273.15 70.00  0.1870E+11  6.50 28.00  7.63 10.26 0.3029E-01
 1013.00 273.15 70.00  0.1870E+11  6.50 29.00  7.71 10.33 0.3058E-01
 1013.00 273.15 70.00  0.1870E+11  6.50 30.00  7.78 10.40 0.3088E-01
 1013.00 273.15 70.00  0.1870E+11  6.50 31.00  7.86 10.48 0.3120E-01
 1013.00 273.15 70.00  0.1870E+11  6.50 32.00  7.94 10.56 0.3154E-01
 1013.00 273.15 70.00  0.1870E+11  6.50 33.00  8.03 10.65 0.3189E-01
 1013.00 273.15 70.00  0.1870E+11  6.50 34.00  8.12 10.74 0.3226E-01
 1013.00 273.15 70.00  0.1870E+11  6.50 35.00  8.22 10.84 0.3265E-01
 1013.00 273.15 70.00  0.1870E+11  6.50 36.00  8.32 10.94 0.3306E-01
 1013.00 273.15 70.00  0.1870E+11  6.50 37.00  8.42 11.04 0.3349E-01
 1013.00 273.15 70.00  0.1870E+11  6.50 38.00  8.54 11.15 0.3394E-01
 1013.00 273.15 70.00  0.1870E+11  6.50 39.00  8.65 11.27 0.3441E-01
 1013.00 273.15 70.00  0.1870E+11  6.50 40.00  8.78 11.39 0.3491E-01
 1013.00 273.15 70.00  0.1870E+11  6.50 41.00  8.91 11.52 0.3543E-01
 1013.00 273.15 70.00  0.1870E+11  6.50 42.00  9.04 11.65 0.3598E-01
 1013.00 273.15 70.00  0.1870E+11  6.50 43.00  9.18 11.79 0.3656E-01
 1013.00 273.15 70.00  0.1870E+11  6.50 44.00  9.33 11.94 0.3717E-01
 1013.00 273.15 70.00  0.1870E+11  6.50 45.00  9.49 12.10 0.3781E-01
 1013.00 273.15 70.00  0.1870E+11  6.50 46.00  9.66 12.27 0.3849E-01
 1013.00 273.15 70.00  0.1870E+11  6.50 47.00  9.83 12.44 0.3920E-01
 1013.00 273.15 70.00  0.1870E+11  6.50 48.00 10.02 12.62 0.3995E-01
 1013.00 273.15 70.00  0.1870E+11  6.50 49.00 10.21 12.82 0.4075E-01
 1013.00 273.15 70.00  0.1870E+11  6.50 50.00 10.42 13.02 0.4159E-01
 1013.00 273.15 70.00  0.1870E+11  6.50 51.00 10.64 13.24 0.4248E-01
 1013.00 273.15 70.00  0.1870E+11  6.50 52.00 10.87 13.46 0.4342E-01
 1013.00 273.15 70.00  0.1870E+11  6.50 53.00 11.11 13.71 0.4441E-01
 1013.00 273.15 70.00  0.1870E+11  6.50 54.00 11.37 13.96 0.4547E-01
 1013.00 273.15 70.00  0.1870E+11  6.50 55.00 11.65 14.23 0.4659E-01
 1013.00 273.15 70.00  0.1870E+11  6.50 56.00 11.94 14.52 0.4779E-01
 1013.00 273.15 70.00  0.1870E+11  6.50 57.00 12.25 14.83 0.4906E-01
 1013.00 273.15 70.00  0.1870E+11  6.50 58.00 12.58 15.16 0.5042E-01
 1013.00 273.15 70.00  0.1870E+11  6.50 59.00 12.93 15.51 0.5187E-01
 1013.00 273.15 70.00  0.1870E+11  6.50 60.00 13.31 15.88 0.5343E-01
 1013.00 273.15 70.00  0.1870E+11  6.50 61.00 13.71 16.28 0.5509E-01
 1013.00 273.15 70.00  0.1870E+11  6.50 62.00 14.14 16.71 0.5689E-01
 1013.00 273.15 70.00  0.1870E+11  6.50 63.00 14.61 17.18 0.5882E-01
 1013.00 273.15 70.00  0.1870E+11  6.50 64.00 15.11 17.67 0.6090E-01
 1013.00 273.15 70.00  0.1870E+11  6.50 65.00 15.66 18.21 0.6316E-01
 1013.00 273.15 70.00  0.1870E+11  6.50 66.00 16.24 18.80 0.6562E-01
 1013.00 273.15 70.00  0.1870E+11  6.50 67.00 16.88 19.43 0.6829E-01
 1013.00 273.15 70.00  0.1870E+11  6.50 68.00 17.58 20.12 0.7121E-01
 1013.00 273.15 70.00  0.1870E+11  6.50 69.00 18.34 20.88 0.7441E-01
 1013.00 273.15 70.00  0.1870E+11  6.50 70.00 19.18 21.71 0.7794E-01
 1013.00 273.15 70.00  0.1870E+11  6.50 71.00 20.10 22.63 0.8185E-01
 1013.00 273.15 70.00  0.1870E+11  6.50 72.00 21.12 23.64 0.8619E-01
 1013.00 273.15 70.00  0.1870E+11  6.50 73.00 22.26 24.77 0.9105E-01
 1013.00 273.15 70.00  0.1870E+11  6.50 74.00 23.53 26.03 0.9651E-01
 1013.00 273.15 70.00  0.1870E+11  6.50 75.00 24.96 27.46 0.1027E+00
 1013.00 273.15 70.00  0.1870E+11  6.50 76.00 26.58 29.07 0.1098E+00
 1013.00 273.15 70.00  0.1870E+11  6.50 77.00 28.44 30.92 0.1179E+00
 1013.00 273.15 70.00  0.1870E+11  6.50 78.00 30.58 33.06 0.1274E+00
 1013.00 273.15 70.00  0.1870E+11  6.50 79.00 33.08 35.54 0.1385E+00
 1013.00 273.15 70.00  0.1870E+11  6.50 80.00 36.02 38.48 0.1519E+00
 1013.00 273.15 70.00  0.1870E+11  6.50 81.00 39.54 41.99 0.1680E+00
 1013.00 273.15 70.00  0.1870E+11  6.50 82.00 43.82 46.27 0.1880E+00
 1013.00 273.15 70.00  0.1870E+11  6.50 83.00 49.11 51.57 0.2133E+00
 1013.00 273.15 70.00  0.1870E+11  6.50 84.00 55.82 58.29 0.2464E+00
 1013.00 273.15 70.00  0.1870E+11  6.50 85.00 64.55 67.08 0.2911E+00
 1013.00 273.15 70.00  0.1870E+11  6.50 86.00 76.29 78.95 0.3547E+00
 1013.00 273.15 70.00  0.1870E+11  6.50 87.00 92.68 95.64 0.4509E+00
 1013.00 273.15 70.00  0.1870E+11  6.50 88.00 ***** ***** 0.6098E+00
 1013.00 273.15 70.00  0.1870E+11  6.50 89.00 ***** ***** 0.9053E+00
 1013.00 273.15 70.00  0.1870E+11  6.50 90.00 ***** ***** 0.1392E+01
